C BASICA 4269 4362 12799 4461 12531 4833 11733 4837 11738 4838 5117 5121 6843 6955 9307 6380_S1 6380_S2 10104 
C CALC1 199_S1 10316 1583_S1 2526 2870_S1 2870_S2 10474 13906 10477 3059 3203_S1 4545 11777 5172 6073_S1 11302 13878 6631_S1 6870 7754_S1 10918 8719 
C CALC2A 199_S2 10317 10320 1583_S2 2534 2876 10480 3063 3203_S2 4550 11782 5177 6073_S2 6631_S2 6877 7754_S2 8720 
C CALC2B 2543 2876 10482 4555 4844 4845 5272 6645 6763 11303 13879 7250 7755 8244 
C EDO  4560 5279 10321 6650 7756 8259 
C EDP 2551 4994 10488 911111 
C ENSINO 2878 2882 2898 3162 3170 9563 9571 4991 4992 4995 4996 4997 9754 10355 10432 10476 10569 12137 10570 10582 10574 10577 10583 10587 10581 10455 10579 
C FINANCEIRA 3792 9319 5003 
C GA 2872 3204 4363 4462 4546 11778 5168 5265 12315 6070 6634 6762 6871 7242 7758 8242 9617 10475 10479 
C LINEAR 2877 3064 3295 4551 11783 5266 6641 6876 7248 7753 8243 9618 
C MD1 4988_S1 10478 5169 11781 6873 
C MD2 4998_S2 5173 6880 
C NUMERICO 2553 4561 4998 10487 5287 6651 7383 7757 7774
